-14.439409859443945 -11.62670131237839 
-14.48910895897766 -11.609055224524539 
-14.513334129690147 -11.590773203154889 
-14.531960057205616 -11.572031822273734 
-14.547429275600496 -11.553687320852251 
-14.561289873529974 -11.535178598089841 
-14.573718236518124 -11.516830837802663 
-14.585830762152337 -11.497683553990719 
-14.59679062695389 -11.479076021262514 
-14.607142893497622 -11.460120023771278 
-14.617242122457755 -11.441178182592715 
-14.626734253455709 -11.422273076592754 
-14.63603255553383 -11.403182908412687 
-14.644759157617692 -11.384563350963763 
-14.653436961591328 -11.3654399524171 
-14.66211931965772 -11.345628821976348 
-14.670404776160224 -11.326140147458238 
-14.678412771114946 -11.306661005939848 
-14.686165330550182 -11.287461788267631 
-14.69394535460069 -11.267566957343043 
-14.701764191123896 -11.247551213069286 
-14.7090928080144 -11.22809780930399 
-14.716424762502456 -11.20819478984679 
-14.72379757765965 -11.187986406369744 
-14.730943728356621 -11.167852161191263 
-14.738049850639392 -11.147539387684198 
-14.744973681353777 -11.127580143487378 
-14.75208630791566 -11.106609647116166 
-14.758944144724214 -11.085916823184244 
-14.765740318545792 -11.065498039568123 
-14.772483795097905 -11.04473950107248 
-14.779177528120208 -11.023830958518563 
-14.785853664814397 -11.00275977979957 
-14.79237444216888 -10.98190224083234 
-14.799042165597204 -10.960250622726619 
-14.805512218841937 -10.93911431152894 
-14.812002800053662 -10.917642103434224 
-14.8184224523202 -10.896081116135992 
-14.824902206943214 -10.874219717265804 
-14.831343393676535 -10.85229832929406 
-14.837695977420141 -10.830166139863817 
-14.844027907161554 -10.808254617261998 
-14.850449804346727 -10.785884204820334 
-14.85669828963647 -10.763757940784739 
-14.8630532062638 -10.741084648765671 
-14.869337763956533 -10.718472779915128 
-14.875619178421724 -10.695725228097393 
-14.881855024344947 -10.672930104769954 
-14.888109925131289 -10.64994326316916 
-14.894352736447491 -10.626820870443492 
-14.900597924572615 -10.603533626752567 
-14.906831054591148 -10.580132274815446 
-14.913063987035589 -10.55657832285338 
-14.919290360266267 -10.532897988968184 
-14.925491686837724 -10.509149303184156 
-14.931748527023505 -10.485083206231035 
-14.937975303839533 -10.460992364154063 
-14.944212017770656 -10.436690291158357 
-14.950450844093606 -10.412320841645226 
-14.956701703801418 -10.387724825835035 
-14.962953785424894 -10.36304533091816 
-14.969223506430463 -10.338142141160208 
-14.97544518181181 -10.313339488132659 
-14.981720154159149 -10.288161910709594 
-14.988036147250643 -10.262760994093892 
-14.994328788614286 -10.237280616382137 
-15.00065638453211 -10.211446440130402 
-15.00699929206467 -10.185646139856189 
-15.013325217092383 -10.159942127218688 
-15.019705365029191 -10.133810900959933 
-15.02598988869033 -10.107956520921297 
-15.032522647371025 -10.080985348902658 
-15.038923631456267 -10.054393576917796 
-15.045410798003463 -10.027613267243076 
-15.051857920153314 -10.000576028302476 
-15.058497440534508 -9.97308945102225 
-15.064976341117966 -9.945867063088926 
-15.071482670262007 -9.918675155389904 
-15.078078568459095 -9.890949990805181 
-15.084619457970717 -9.863416540067702 
-15.091404851847951 -9.834757368554591 
-15.098100970557809 -9.806539248917034 
-15.10477041948099 -9.777959633992268 
-15.11156775685917 -9.749508411019923 
-15.118210548402175 -9.721299444673283 
-15.125090546646815 -9.692093390682759 
-15.131945568362944 -9.662848383025072 
-15.138813926108952 -9.633737291721237 
-15.145736273765653 -9.60411486321084 
-15.15295114131647 -9.573521302254168 
-15.159930242613967 -9.543783891096684 
-15.167058830614774 -9.51333527601766 
-15.173954915982286 -9.483794629606553 
-15.181354422546521 -9.452544690644608 
-15.188603412523687 -9.421563454397228 
-15.195796632183514 -9.391026007813721 
-15.203227766084574 -9.35934062503608 
-15.210560967982602 -9.328121226391428 
-15.218067508427335 -9.296337794271299 
-15.225564595185359 -9.264582521067439 
-15.232908321708797 -9.233438967968134 
-15.2407417410525 -9.2004450266794 
-15.248434175054815 -9.167918972266712 
-15.25587598786214 -9.136686849823725 
-15.264087622269585 -9.102106197081774 
-15.271290816134602 -9.071804102379009 
-15.279580713535712 -9.037385266671922 
-15.288083665227063 -9.0022223299986 
-15.29608373923988 -8.968526508882944 
-15.304394658221725 -8.93455803439155 
-15.312729143415782 -8.90038738905807 
-15.320851431908924 -8.867170975532687 
-15.329399579983468 -8.831392928400835 
-15.337993428778184 -8.797455608468852 
-15.347069952207303 -8.760927387391021 
-15.355853039664485 -8.725655774698446 
-15.364452599106853 -8.69143361779171 
-15.373832963547397 -8.65406195103765 
-15.382882017279051 -8.618702947232196 
-15.392127695792933 -8.581867204793927 
-15.401241876101992 -8.546764982262683 
-15.410992567701914 -8.509416396607042 
-15.420825772771096 -8.471963762893527 
-15.430825229063263 -8.434677587676227 
-15.440221868375257 -8.399683377913474 
-15.449995333892353 -8.362030007738136 
-15.460764998139505 -8.324374791668435 
-15.471650351413336 -8.285190380131825 
-15.482503171182564 -8.2466551868649 
-15.492996033687941 -8.209251566005909 
-15.504151916874985 -8.171297871590713 
-15.515780883148466 -8.131983857508319 
-15.527261544234232 -8.093818154821875 
-15.538806903998825 -8.0556913259223 
-15.55132461700424 -8.015761524764905 
-15.563923397594568 -7.976606998755534 
-15.576807690456407 -7.937329241034897 
-15.589151445609893 -7.899981727630086 
-15.60293476950245 -7.860368921708371 
-15.616350961957636 -7.822820253218657 
-15.63135030639134 -7.7825104424130345 
-15.88224763756746 -7.751448300125516 
-15.88224763756746 -7.751448300125516 
-15.88224763756746 -7.751448300125516 
-15.88224763756746 -7.751448300125516 
-15.88224763756746 -7.751448300125516 
-15.923055967975586 -7.738703447321241 
-15.951818270274142 -7.715242265558169 
-15.976859134842513 -7.685829759414609 
-15.997938958268382 -7.654493250650795 
-16.01815585424966 -7.62033790570535 
-16.03646831929415 -7.584443981658181 
-16.05320049731128 -7.549061549385943 
-16.069670302814345 -7.5099299979635905 
-16.085259106116652 -7.470889708256196 
-16.100308351798446 -7.431326266669414 
-16.11523777993535 -7.389959726562388 
-16.128627013493695 -7.352164672205723 
-16.14292717942705 -7.309029766246577 
-16.15704680502575 -7.264804968239788 
-16.17027084819182 -7.221261830912254 
-16.183506071861714 -7.176343206670252 
-16.196593551224694 -7.132157385502735 
-16.20945965260628 -7.08581006678161 
-16.222108322246562 -7.040765148614203 
-16.234628963322606 -6.993869064536125 
-16.24733398488255 -6.94602659401169 
-16.25994275865061 -6.8968333650490745 
-16.272234659226648 -6.848244430334486 
-16.28462114996387 -6.798750057598433 
-16.29678455125804 -6.74858943786306 
-16.30900165392368 -6.697456723190127 
-16.321327121091052 -6.646185725318755 
-16.33329911778082 -6.5952291768486 
-16.345296492810732 -6.543283251069375 
-16.357790770720943 -6.488372350315137 
-16.369784218433857 -6.43546691150496 
-16.382206466070762 -6.380443462261303 
-16.394443654762327 -6.324822056774159 
-16.40680713044493 -6.269074034778882 
-16.419063487299816 -6.212426952060985 
-16.431398559922386 -6.15576557196034 
-16.443888793143294 -6.097409223339594 
-16.456343861891717 -6.038710252435713 
-16.468726003503885 -5.979281198736394 
-16.481451469597026 -5.919166309315999 
-16.494154329320885 -5.858864613965674 
-16.506946678486294 -5.7973267530028085 
-16.519783944069058 -5.734327000596551 
-16.532487232653025 -5.6727601957711595 
-16.545416632070527 -5.611200898773925 
-16.558440800613376 -5.546349625771882 
-16.571878493812292 -5.480178811326313 
-16.58578911881026 -5.412855265386884 
-16.59906581018908 -5.347242217582743 
-16.61271936751352 -5.280302047711518 
-16.626291534032966 -5.212598342070225 
-16.640020727773976 -5.14502430037679 
-16.654671248284743 -5.072176374376339 
-16.66889893902712 -5.002682320892044 
-16.683369991389362 -4.934515574411307 
-16.699413914972475 -4.860603189345079 
-16.715213664053472 -4.789757131293614 
-16.730507705392366 -4.725030944645233 
-16.74894376622804 -4.649945408344768 
-16.7675500609596 -4.578220411487815 
-16.787070904635957 -4.511562288916505 
-16.806318353558893 -4.444031842642961 
-16.82698626023403 -4.376857067858468 
-16.84783426392991 -4.312541130897704 
-16.870458587591703 -4.250416396385289 
-16.89308881315497 -4.1838679562767265 
-16.91804490857475 -4.121609888851502 
-16.943080069073712 -4.061170959018829 
-16.971865880526323 -4.008498081304713 
-16.998928356302486 -3.9508537578013243 
-17.030126498936294 -3.898784086960029 
-17.94025792509896 -3.8739740898092543 
-17.940257926493523 -3.8739740898088657 
-17.94025792720051 -3.8739740898086548 
-17.940257926493523 -3.8739740898088657 
-17.94025792509896 -3.8739740898092543 
-17.940257924462873 -3.8739740898094444 
-17.940257924462873 -3.8739740898094444 
-17.94025792294775 -3.8739740898098973 
-17.940257927180472 -3.8739740898087125 
-17.94025792475895 -3.873974089809372 
-17.94025792475895 -3.873974089809372 
-17.94025792294775 -3.8739740898098973 
-17.940257925442435 -3.873974089809177 
-17.940257924170268 -3.8739740898095594 
-17.940257924170268 -3.8739740898095594 
-17.94025792509896 -3.8739740898092543 
-17.940257926351713 -3.8739740898089075 
-17.94025792672481 -3.873974089808843 
-17.94025792563205 -3.8739740898091592 
-17.940257926994942 -3.8739740898087494 
-17.96840600490881 -3.8621626543621845 
-18.000391908106863 -3.822612515023037 
-18.027072690105843 -3.768598994811309 
-18.052015748183784 -3.70749171001457 
-18.076935858681807 -3.6339425122782116 
-18.09832845289 -3.562553578334033 
-18.121291172227473 -3.4786735124445918 
-18.143357869252732 -3.3940905953092515 
-18.164770725003006 -3.3048286372319993 
-18.184384043137968 -3.215904041977971 
-18.20719117637253 -3.116663468156651 
-18.227822469569293 -3.0178530054342643 
-18.24987497583665 -2.915430943914765 
-18.27092574212041 -2.81163205040481 
-18.293121719568603 -2.7045534295924396 
-18.314869085916296 -2.596877479083111 
-18.337041851103905 -2.487789747092148 
-18.359143521486445 -2.3777479722171027 
-18.38261093896947 -2.2598987381466755 
-18.406437954354963 -2.1439419414583005 
-18.430332613321035 -2.0290613117653344 
-18.45513552987356 -1.9127416773100037 
-18.48013395589371 -1.7952501987056841 
-18.50747775861057 -1.6717081071383129 
-18.53314750130853 -1.5577125040533115 
-18.561487414919654 -1.4363955266709578 
-18.58920590908401 -1.3236042337831357 
-18.617754631800608 -1.2097589254054237 
-18.646602946156385 -1.0945631891673255 
-18.679941586422387 -0.9767958405253124 
-18.709512198529055 -0.8734400237814675 
-18.742088182021114 -0.7619773445985224 
-18.776269875652098 -0.6587799200625556 
-18.810105481315798 -0.5591610176478239 
-18.84544376947553 -0.4649817065406334 
-18.88315443386411 -0.37004038697760033 
-18.91874300978006 -0.28610022348135844 
-18.958436649273416 -0.20407376762739723 
-18.996717195636094 -0.13447524409874292 
-19.035575317696562 -0.06835410473063926 
-19.076437374284076 -0.005688885231535382 
-19.998785787497894 0.002670771225260946 
-19.998785787497894 0.002670771225260946 
-19.998785814319156 0.0026707240259766646 
-19.998785814319156 0.0026707240259766646 
-19.998785805792405 0.0026707390311293305 
-19.9987858042728 0.0026707417052886976 
-19.998785805443788 0.0026707396446192214 
-19.998785802196224 0.002670745359590754 
-19.998785789430954 0.0026707678235197273 
-19.998785797009333 0.002670754487329554 
-19.99878580628323 0.0026707381673891756 
-19.998785812961202 0.0026707264156649565 
-19.99878580628323 0.0026707381673891756 
-19.998785805443788 0.0026707396446192214 
-19.998785805792405 0.0026707390311293305 
-19.998785802196224 0.002670745359590754 
-19.9987858042728 0.0026707417052886976 
-19.99878580628323 0.0026707381673891756 
-19.99878580628323 0.0026707381673891756 
-19.998785812961202 0.0026707264156649565 
-19.9987858041154 0.002670741982278949 
-19.998785797009333 0.002670754487329554 
